100            10            4 
60
16.3775       15.5299       16.6853       10.7178       

H0             18.19         6.32          0             0             0             60 
H1             2.38          18.26         0             0             0             60 
H2             17.02         12.33         0             0             0             60 
H3             13.61         21.12         0             0             0             60 
H4             3.54          26.16         0             0             0             60 
H5             2.41          25.06         0             0             0             60 
H6             11.62         24            0             0             0             60 
H7             16.76         19.84         0             0             0             60 
H8             0.3           9.16          0             0             0             60 
H9             0.51          11.06         0             0             0             60 
H10            22.85         14.85         0             0             0             60 
H11            6.82          21.1          0             0             0             60 
C2             15.52         28.03         7             0             21.4          29.94 
C3             9             28.01         5             0             6.86          10.05 
C4             16.93         2.09          24            0             4.37          7.49 
C5             8.64          19.85         3             0             0             1.18 
C6             18.43         29.93         23            0             8.58          10.3 
C7             3.94          10.77         3             0             5.96          10.37 
C8             14.78         7.61          26            0             7.87          12.53 
C9             2.41          25.06         24            0             0             3.86 
C10            18.41         11.88         16            0             0             3.64 
C11            14.91         17.24         21            0             11.03         11.95 
C12            7.14          0.48          6             0             8.53          10.24 
C13            13.44         24.76         17            0             5.24          6.36 
C14            17.54         29.43         27            0             4.82          11.4 
C15            16.71         9.5           27            0             10.21         14.08 
C16            12.38         26.66         1             0             7.38          9.87 
C17            25.69         6.34          6             0             0             4.05 
C18            11.62         24            27            0             3.19          6.56 
C19            10.24         3.02          23            0             2.59          8.47 
C20            3.54          26.16         18            0             12.11         21.12 
C21            17.86         19.36         13            0             4.41          8.35 
C22            3.77          7.84          1             0             11.58         15.2 
C23            14.2          19.64         13            0             12.3          16.6 
C24            15.88         5.54          21            0             4.24          9.09 
C25            1.32          19.32         23            0             8.71          9.43 
C26            20.5          25.33         16            0             0             1.86 
C27            16.76         19.84         8             0             0             2.51 
C28            27.5          17.66         24            0             8.06          14.67 
C29            19.41         20.67         15            0             0             5.05 
C30            20.49         14.03         24            0             2.91          7.52 
C31            20.9          7.67          8             0             1             3.89 
C32            2.75          25.4          5             0             0             3.87 
C33            16.1          19.74         3             0             9.57          14.54 
C34            0.43          1.12          9             0             6.98          10.39 
C35            13.57         9.41          11            0             0             3.49 
C36            0.3           9.16          7             0             3.34          8.21 
C37            0.45          23.35         10            0             1.97          5.79 
C38            22.69         23.13         13            0             8.61          10.81 
C39            19.12         20.2          13            0             4.98          9.9 
C40            7             21.44         8             0             10.83         12.5 
C41            28.88         0.86          24            0             6.96          13.22 
C42            19.6          2.11          14            0             2.13          8.75 
C43            22.78         15.42         27            0             0             4.56 
C44            13.51         8.05          1             0             4.64          7.98 
C45            0.51          11.06         5             0             10.12         14.32 
C46            4.31          23.12         20            0             3.51          4.55 
C47            19.68         25.62         5             0             1.66          5.47 
C48            16.32         3.73          3             0             5.49          8.7 
C49            7.14          25.9          13            0             12.79         15.74 
C50            1.04          13.47         6             0             1.18          3.82 
C51            17.46         2.56          28            0             4.07          4.89 
C52            23.49         17.75         5             0             6.53          12.93 
C53            11.96         15.15         17            0             1.86          7.64 
C54            22.85         14.85         2             0             6.46          11 
C55            28.47         6.08          23            0             12.9          16.23 
C56            6.52          19.42         17            0             2.65          5.79 
C57            26.85         25.82         6             0             13.12         14.5 
C58            21.48         10.3          21            0             12.11         17.28 
C59            29.08         2.62          18            0             8.35          11.49 
C60            22.54         18.26         14            0             5.2           10.42 
C61            4.46          7.85          7             0             0             2.39 
C62            21.61         23.16         4             0             4.65          7.52 
C63            6.82          21.1          13            0             6.59          8.37 
C64            6.48          2.46          25            0             7.47          13.73 
C65            26.7          3.44          27            0             4.98          8.76 
C66            7.03          28.12         1             0             13.77         15.79 
C67            20.3          3.86          2             0             9.06          11.79 
C68            17.02         12.33         17            0             13.94         19 
C69            0.2           24.8          3             0             8.02          10.32 
C70            13.97         18.49         4             0             11.98         15.84 
C71            1.88          3.33          13            0             3.36          7.85 
C72            14.25         23.83         1             0             4.55          7.32 
C73            27.22         11.98         16            0             11.06         15.06 
C74            22.05         7.74          10            0             5.92          10.82 
C75            3.08          21.03         13            0             6.7           7.68 
C76            12.66         26.02         3             0             5.05          10.59 
C77            3.69          14.33         21            0             10.46         15.6 
C78            26.93         13.06         24            0             0             3.37 
C79            1.57          19.84         19            0             6.68          10.63 
C80            19.01         14.36         13            0             3.46          7.42 
C81            14.24         18.8          19            0             12            15.32 
C82            20.49         13.59         8             0             2.79          4.55 
C83            3.3           17.86         1             0             13.25         15.68 
C84            28.72         20.92         29            0             10.45         12.08 
C85            7.49          6.59          24            0             5.76          7.78 
C86            12.19         16.11         1             0             5.76          7.01 
C87            17.52         0.97          10            0             7.3           12.24 
C88            10.35         6.18          11            0             11.48         15.68 
C89            13.61         21.12         17            0             13.57         15.71 
C90            0.26          14.37         13            0             7.59          11.22 
C91            12.58         26.64         16            0             6             12.37 
C92            21.57         24.07         2             0             7.87          10.9 
C93            14.5          0.3           22            0             10.25         13.8 
C94            25.6          22.91         2             0             10.31         13.12 
C95            10.92         4.13          8             0             10.77         12.7 
C96            26.65         20.04         28            0             4.19          9.21 
C97            18.63         4.3           24            0             0             4.27 
C98            7.29          16.28         12            0             9.4           13.12 
C99            4.34          9.51          5             0             5.85          10.38 
C100           0             0             0             0             5.33          10.22 
