66             15            5 
125
25.1181       26.0001       26.0001       26.0001       21.8021       

H0            -0.5           0             0             0             0             125 
H1             0.5           0             0             0             0             125 
H2            -7            -5             0             0             0             125 
H3            -1             3             0             0             0             125 
H4             7            -3             0             0             0             125 
H5             3            -1             0             0             0             125 
H6            -7            -3             0             0             0             125 
H7            -7             5             0             0             0             125 
H8            -5            -3             0             0             0             125 
H9            -5             5             0             0             0             125 
H10           -3            -3             0             0             0             125 
H11           -3             5             0             0             0             125 
H12           -1            -3             0             0             0             125 
H13           -1             5             0             0             0             125 
H14            1            -3             0             0             0             125 
H15            1             5             0             0             0             125 
H16            3            -3             0             0             0             125 
C2            -7            -7             35            0             22.08         29.03 
C3            -7            -5             35            0             21.77         26.67 
C4            -7            -3             35            0             0             5.31 
C5            -7            -1             35            0             0             10.42 
C6            -7             1             35            0             1.93          10.16 
C7            -7             3             35            0             2.98          9.53 
C8            -7             5             35            0             4.85          14.12 
C9            -7             7             35            0             11.83         17.17 
C10           -5            -7             35            0             18.73         22.4 
C11           -5            -5             25            0             9.29          15.81 
C12           -5            -3             25            0             11.87         19.78 
C13           -5            -1             25            0             3.61          12.41 
C14           -5             1             25            0             2.85          12.5 
C15           -5             3             25            0             3.2           9.54 
C16           -5             5             25            0             14.71         23.53 
C17           -5             7             35            0             10.81         18.36 
C18           -3            -7             35            0             18.57         26.58 
C19           -3            -5             25            0             14.75         24.35 
C20           -3            -3             15            0             13.25         19.72 
C21           -3            -1             15            0             15.98         24.5 
C22           -3             1             15            0             0             3.57 
C23           -3             3             15            0             3.41          7.87 
C24           -3             5             25            0             15.48         20.39 
C25           -3             7             35            0             16.97         22.25 
C26           -1            -7             35            0             8.43          12.18 
C27           -1            -5             25            0             11.88         16.38 
C28           -1            -3             15            0             10.26         20.48 
C29           -1            -1             5             0             15.98         22.53 
C30           -1             1             5             0             0             7.21 
C31           -1             3             15            0             25.92         27.44 
C32           -1             5             25            0             20.17         30.23 
C33           -1             7             35            0             15.68         23.75 
C34            1            -7             35            0             3.68          11.49 
C35            1            -5             25            0             3.36          6.91 
C36            1            -3             15            0             0             6.34 
C37            1            -1             5             0             0             3.3 
C38            1             1             5             0             23.54         30.78 
C39            1             3             15            0             0             2.35 
C40            1             5             25            0             0             7.05 
C41            1             7             35            0             2.83          7.81 
C42            3            -7             35            0             7.29          9.08 
C43            3            -5             25            0             2.4           12.74 
C44            3            -3             15            0             0             5.86 
C45            3            -1             15            0             22.94         26 
C46            3             1             15            0             19.23         28.58 
C47            3             3             15            0             20.73         27 
C48            3             5             25            0             7.3           17.76 
C49            3             7             35            0             7.55          8.26 
C50            5            -7             35            0             4.8           8.18 
C51            5            -5             25            0             7.88          14.14 
C52            5            -3             25            0             9.94          20.9 
C53            5            -1             25            0             8.21          16.52 
C54            5             1             25            0             16.81         21.81 
C55            5             3             25            0             12.95         23.21 
C56            5             5             25            0             11.12         14.21 
C57            5             7             35            0             10.76         14.26 
C58            7            -7             35            0             1.39          5.78 
C59            7            -5             35            0             0             3.21 
C60            7            -3             35            0             20.96         32.16 
C61            7            -1             35            0             22.82         27.38 
C62            7             1             35            0             15.91         23.49 
C63            7             3             35            0             18.64         23.37 
C64            7             5             35            0             14.88         21.58 
C65            7             7             35            0             12.41         17.76 
C66            0             0             0             0             8.88          12.49 
