100            15            5 
170
35.7612       34.0654       35.6627       37.1006       27.4106       

H0             18.19         6.32          0             0             0             170 
H1             2.38          18.26         0             0             0             170 
H2             27.5          17.66         0             0             0             170 
H3             13.61         21.12         0             0             0             170 
H4             15.88         5.54          0             0             0             170 
H5             3.69          14.33         0             0             0             170 
H6             18.43         29.93         0             0             0             170 
H7             7.14          0.48          0             0             0             170 
H8             11.62         24            0             0             0             170 
H9             1.32          19.32         0             0             0             170 
H10            20.49         14.03         0             0             0             170 
H11            0.3           9.16          0             0             0             170 
H12            19.6          2.11          0             0             0             170 
H13            16.32         3.73          0             0             0             170 
H14            22.85         14.85         0             0             0             170 
H15            22.54         18.26         0             0             0             170 
H16            7.03          28.12         0             0             0             170 
C2             15.52         28.03         7             0             19.79         28.62 
C3             9             28.01         5             0             0             0 
C4             16.93         2.09          24            0             2.41          8.8 
C5             8.64          19.85         3             0             0             0 
C6             18.43         29.93         23            0             13.51         25.87 
C7             3.94          10.77         3             0             31.9          35.06 
C8             14.78         7.61          26            0             31.13         37.15 
C9             2.41          25.06         24            0             13.23         18.04 
C10            18.41         11.88         16            0             23.17         28.87 
C11            14.91         17.24         21            0             0             5.08 
C12            7.14          0.48          6             0             1.65          8.84 
C13            13.44         24.76         17            0             21.95         33.31 
C14            17.54         29.43         27            0             10.82         24.41 
C15            16.71         9.5           27            0             26.31         36.01 
C16            12.38         26.66         1             0             21.86         24.63 
C17            25.69         6.34          6             0             7.22          13.31 
C18            11.62         24            27            0             22.36         39.62 
C19            10.24         3.02          23            0             15.73         27.36 
C20            3.54          26.16         18            0             13.28         19.71 
C21            17.86         19.36         13            0             3.36          14.62 
C22            3.77          7.84          1             0             0             1.26 
C23            14.2          19.64         13            0             0             10.27 
C24            15.88         5.54          21            0             25.61         38.57 
C25            1.32          19.32         23            0             22.6          33.52 
C26            20.5          25.33         16            0             12.55         20.54 
C27            16.76         19.84         8             0             1.87          15.95 
C28            27.5          17.66         24            0             32.34         42.65 
C29            19.41         20.67         15            0             8.14          16.89 
C30            20.49         14.03         24            0             17.65         23.16 
C31            20.9          7.67          8             0             0             4.88 
C32            2.75          25.4          5             0             16.7          22.29 
C33            16.1          19.74         3             0             5.67          9.53 
C34            0.43          1.12          9             0             0             9.72 
C35            13.57         9.41          11            0             22.24         27.48 
C36            0.3           9.16          7             0             0             7.29 
C37            0.45          23.35         10            0             16.73         21.32 
C38            22.69         23.13         13            0             1.24          19.81 
C39            19.12         20.2          13            0             4.62          14.06 
C40            7             21.44         8             0             6.63          15.12 
C41            28.88         0.86          24            0             16.07         25.49 
C42            19.6          2.11          14            0             0             8.14 
C43            22.78         15.42         27            0             17.57         22.98 
C44            13.51         8.05          1             0             26.81         34.19 
C45            0.51          11.06         5             0             6.74          20.99 
C46            4.31          23.12         20            0             10.35         15.04 
C47            19.68         25.62         5             0             13.15         16.03 
C48            16.32         3.73          3             0             3.08          17.71 
C49            7.14          25.9          13            0             12.52         21.45 
C50            1.04          13.47         6             0             7.87          14.56 
C51            17.46         2.56          28            0             4.6           14.81 
C52            23.49         17.75         5             0             13.8          22.56 
C53            11.96         15.15         17            0             0             3.71 
C54            22.85         14.85         2             0             15.66         22.25 
C55            28.47         6.08          23            0             21.22         33.56 
C56            6.52          19.42         17            0             1.94          9.62 
C57            26.85         25.82         6             0             4.57          13.47 
C58            21.48         10.3          21            0             0             6.56 
C59            29.08         2.62          18            0             17.98         25.78 
C60            22.54         18.26         14            0             4.89          24.69 
C61            4.46          7.85          7             0             21.11         35.8 
C62            21.61         23.16         4             0             8.11          18 
C63            6.82          21.1          13            0             9             13.23 
C64            6.48          2.46          25            0             21.25         26.64 
C65            26.7          3.44          27            0             9.43          18.22 
C66            7.03          28.12         1             0             0             9.09 
C67            20.3          3.86          2             0             6.23          16.41 
C68            17.02         12.33         17            0             21.42         33.57 
C69            0.2           24.8          3             0             15.77         23.22 
C70            13.97         18.49         4             0             1.74          3.71 
C71            1.88          3.33          13            0             20.92         28.93 
C72            14.25         23.83         1             0             15.43         21.46 
C73            27.22         11.98         16            0             26.86         32.95 
C74            22.05         7.74          10            0             7.9           14.7 
C75            3.08          21.03         13            0             21.3          28.52 
C76            12.66         26.02         3             0             25.07         27.56 
C77            3.69          14.33         21            0             29.98         38.13 
C78            26.93         13.06         24            0             23.87         35.43 
C79            1.57          19.84         19            0             20.23         33.44 
C80            19.01         14.36         13            0             18.04         24.78 
C81            14.24         18.8          19            0             0             9.2 
C82            20.49         13.59         8             0             20.96         28.96 
C83            3.3           17.86         1             0             0             8.88 
C84            28.72         20.92         29            0             0             6.3 
C85            7.49          6.59          24            0             22.75         33.89 
C86            12.19         16.11         1             0             0             5.59 
C87            17.52         0.97          10            0             0             9.8 
C88            10.35         6.18          11            0             20.36         26.96 
C89            13.61         21.12         17            0             24.93         42.95 
C90            0.26          14.37         13            0             25.3          27.22 
C91            12.58         26.64         16            0             24            26.74 
C92            21.57         24.07         2             0             6.69          14.72 
C93            14.5          0.3           22            0             11.07         23.23 
C94            25.6          22.91         2             0             7.54          15.21 
C95            10.92         4.13          8             0             12.83         28.38 
C96            26.65         20.04         28            0             2.02          11.58 
C97            18.63         4.3           24            0             1.35          6.72 
C98            7.29          16.28         12            0             0             4.21 
C99            4.34          9.51          5             0             23.01         33.52 
C100           0             0             0             0             24.11         33.72 
