64             1             2 
55
28.8702       26.04         

H0             0            -7             0             0             0             55 
H1             0             7             0             0             0             55 
H2             1             0             0             0             0             55 
C2            -1            -6             6             0             0             6.89 
C3             1            -6             6             0             17.7          22.9 
C4            -2            -5             12            0             0             6.82 
C5             0            -5             6             0             14.34         20.41 
C6             2            -5             12            0             2.29          9.58 
C7            -3            -4             18            0             0             6.68 
C8            -1            -4             12            0             12.65         19.47 
C9             1            -4             12            0             19.78         24.78 
C10            3            -4             18            0             2.1           9.35 
C11           -4            -3             24            0             1.37          10.67 
C12           -2            -3             18            0             0             4.54 
C13            0            -3             12            0             0             6.52 
C14            2            -3             18            0             26.1          29.98 
C15            4            -3             24            0             9.74          14.89 
C16           -5            -2             30            0             4.66          12.44 
C17           -3            -2             24            0             14.47         29.15 
C18           -1            -2             18            0             6.96          9.35 
C19            1            -2             18            0             14.9          25.77 
C20            3            -2             24            0             5.54          11.89 
C21            5            -2             30            0             8.94          15.89 
C22           -6            -1             36            0             2.92          10.93 
C23           -4            -1             30            0             17.52         22.46 
C24           -2            -1             24            0             21.44         27.04 
C25            0            -1             18            0             0             10.17 
C26            2            -1             24            0             4.17          13.25 
C27            4            -1             30            0             2.58          10.7 
C28            6            -1             36            0             9.15          14.74 
C29           -7             0             42            0             3.17          11.92 
C30           -5             0             36            0             15.52         20.21 
C31           -3             0             30            0             18.68         24.93 
C32           -1             0             24            0             22.37         27.14 
C33            1             0             24            0             25.74         31.47 
C34            3             0             30            0             2.35          9.59 
C35            5             0             36            0             15.21         22.28 
C36            7             0             42            0             13.63         15.41 
C37           -6             1             36            0             10.44         15.22 
C38           -4             1             30            0             11.78         20.67 
C39           -2             1             24            0             22.87         25.94 
C40            0             1             18            0             10.98         17.7 
C41            2             1             24            0             0             6.29 
C42            4             1             30            0             3.11          11.38 
C43            6             1             36            0             12.64         20.1 
C44           -5             2             30            0             7.32          16.75 
C45           -3             2             24            0             14.83         18.42 
C46           -1             2             18            0             15.16         28.37 
C47            1             2             18            0             10.05         16.27 
C48            3             2             24            0             0             4.97 
C49            5             2             30            0             15.26         19.05 
C50           -4             3             24            0             7.93          18.45 
C51           -2             3             18            0             12.09         20.3 
C52            0             3             12            0             11.54         13.9 
C53            2             3             18            0             12.63         18.02 
C54            4             3             24            0             18.9          24.81 
C55           -3             4             18            0             16.07         20.73 
C56           -1             4             12            0             7.39          19.7 
C57            1             4             12            0             16.71         23.73 
C58            3             4             18            0             14.75         26.47 
C59           -2             5             12            0             12.73         16.29 
C60            0             5             6             0             0             3.31 
C61            2             5             12            0             21.03         25.34 
C62           -1             6             6             0             5.99          14.68 
C63            1             6             6             0             23.47         25.33 
C64            0             0             0             0             14            16.3 
