100            1             2 
40
21.7216       18.0844       

H0             18.19         6.32          0             0             0             40 
H1             2.38          18.26         0             0             0             40 
H2             14.91         17.24         0             0             0             40 
C2             15.52         28.03         7             0             21.4          29.94 
C3             9             28.01         5             0             3.33          8.79 
C4             16.93         2.09          24            0             3.59          10.44 
C5             8.64          19.85         3             0             1.04          9.53 
C6             18.43         29.93         23            0             12.61         17.14 
C7             3.94          10.77         3             0             16.95         20.45 
C8             14.78         7.61          26            0             5.77          15.09 
C9             2.41          25.06         24            0             5.99          6.76 
C10            18.41         11.88         16            0             4.69          12.25 
C11            14.91         17.24         21            0             18.13         25.99 
C12            7.14          0.48          6             0             18.83         21.55 
C13            13.44         24.76         17            0             2.14          8.28 
C14            17.54         29.43         27            0             5.85          10.38 
C15            16.71         9.5           27            0             10.2          19.14 
C16            12.38         26.66         1             0             2.03          7.17 
C17            25.69         6.34          6             0             11.89         14.49 
C18            11.62         24            27            0             0             6.15 
C19            10.24         3.02          23            0             2.47          9.09 
C20            3.54          26.16         18            0             3.31          7.79 
C21            17.86         19.36         13            0             12.97         18.48 
C22            3.77          7.84          1             0             12.78         16.82 
C23            14.2          19.64         13            0             2.52          3.96 
C24            15.88         5.54          21            0             7.07          8.78 
C25            1.32          19.32         23            0             14.92         18.77 
C26            20.5          25.33         16            0             0             5.09 
C27            16.76         19.84         8             0             13.99         18.26 
C28            27.5          17.66         24            0             13.19         14.31 
C29            19.41         20.67         15            0             9.01          12.48 
C30            20.49         14.03         24            0             7.04          12.4 
C31            20.9          7.67          8             0             0             7.96 
C32            2.75          25.4          5             0             18.12         24.54 
C33            16.1          19.74         3             0             7.86          12.47 
C34            0.43          1.12          9             0             1.35          3.34 
C35            13.57         9.41          11            0             11.82         14.84 
C36            0.3           9.16          7             0             7.12          12.23 
C37            0.45          23.35         10            0             1.7           9.3 
C38            22.69         23.13         13            0             0             3.36 
C39            19.12         20.2          13            0             15.41         16.86 
C40            7             21.44         8             0             7.01          13.09 
C41            28.88         0.86          24            0             0             1.74 
C42            19.6          2.11          14            0             0             2.42 
C43            22.78         15.42         27            0             0             5.92 
C44            13.51         8.05          1             0             9.81          16.23 
C45            0.51          11.06         5             0             10.32         17.25 
C46            4.31          23.12         20            0             17.6          21.04 
C47            19.68         25.62         5             0             3.58          10.91 
C48            16.32         3.73          3             0             4.26          7.45 
C49            7.14          25.9          13            0             1.67          3.39 
C50            1.04          13.47         6             0             16.49         21.64 
C51            17.46         2.56          28            0             0             7.65 
C52            23.49         17.75         5             0             3.44          8.97 
C53            11.96         15.15         17            0             5.8           11.14 
C54            22.85         14.85         2             0             2.44          5.79 
C55            28.47         6.08          23            0             3.3           8.56 
C56            6.52          19.42         17            0             0             2.8 
C57            26.85         25.82         6             0             8.44          10.11 
C58            21.48         10.3          21            0             9.69          16.52 
C59            29.08         2.62          18            0             16.46         21.18 
C60            22.54         18.26         14            0             1.96          5.88 
C61            4.46          7.85          7             0             0             5.09 
C62            21.61         23.16         4             0             15.47         19.2 
C63            6.82          21.1          13            0             9.08          10.49 
C64            6.48          2.46          25            0             3.83          12.27 
C65            26.7          3.44          27            0             9.61          18.06 
C66            7.03          28.12         1             0             18.08         23.49 
C67            20.3          3.86          2             0             0             2.74 
C68            17.02         12.33         17            0             13.97         18.4 
C69            0.2           24.8          3             0             1.95          7.94 
C70            13.97         18.49         4             0             1.89          4.15 
C71            1.88          3.33          13            0             18.11         22 
C72            14.25         23.83         1             0             9.29          11.66 
C73            27.22         11.98         16            0             14.49         18.63 
C74            22.05         7.74          10            0             14.16         17.82 
C75            3.08          21.03         13            0             13.07         16.76 
C76            12.66         26.02         3             0             12.62         14.87 
C77            3.69          14.33         21            0             12.24         17.67 
C78            26.93         13.06         24            0             6.79          8.02 
C79            1.57          19.84         19            0             15.33         16.12 
C80            19.01         14.36         13            0             1.51          10.61 
C81            14.24         18.8          19            0             0             5.15 
C82            20.49         13.59         8             0             5.63          9.54 
C83            3.3           17.86         1             0             1.69          3.43 
C84            28.72         20.92         29            0             8.35          12.67 
C85            7.49          6.59          24            0             4.26          10.36 
C86            12.19         16.11         1             0             0             4.18 
C87            17.52         0.97          10            0             17.88         18.7 
C88            10.35         6.18          11            0             11.05         13.25 
C89            13.61         21.12         17            0             14.46         17.7 
C90            0.26          14.37         13            0             15.1          19.29 
C91            12.58         26.64         16            0             10.28         15.2 
C92            21.57         24.07         2             0             17            20.21 
C93            14.5          0.3           22            0             13.72         19.5 
C94            25.6          22.91         2             0             16.92         19.16 
C95            10.92         4.13          8             0             14.63         19.7 
C96            26.65         20.04         28            0             9.36          16.11 
C97            18.63         4.3           24            0             0             7.34 
C98            7.29          16.28         12            0             16.13         21.04 
C99            4.34          9.51          5             0             14.68         17.09 
C100           0             0             0             0             12.53         15.13 
