64             5             3 
70
24.6275       24.0417       21.2111       

H0             0            -7             0             0             0             70 
H1             0             7             0             0             0             70 
H2             0            -1             0             0             0             70 
H3             5             2             0             0             0             70 
H4             3            -4             0             0             0             70 
H5             3            -2             0             0             0             70 
H6            -5             0             0             0             0             70 
C2            -1            -6             6             0             0             8.42 
C3             1            -6             6             0             5.65          13.3 
C4            -2            -5             12            0             0             5.3 
C5             0            -5             6             0             3.84          8.14 
C6             2            -5             12            0             9.65          17.64 
C7            -3            -4             18            0             0             10.55 
C8            -1            -4             12            0             10.9          17.78 
C9             1            -4             12            0             5.93          6.86 
C10            3            -4             18            0             11.15         21.09 
C11           -4            -3             24            0             3.58          9.1 
C12           -2            -3             18            0             0             3.27 
C13            0            -3             12            0             4.32          11.11 
C14            2            -3             18            0             8.33          17.82 
C15            4            -3             24            0             14.43         23.27 
C16           -5            -2             30            0             2.25          9.45 
C17           -3            -2             24            0             17.49         22.18 
C18           -1            -2             18            0             22.65         30.11 
C19            1            -2             18            0             8.53          13.11 
C20            3            -2             24            0             6.67          12.8 
C21            5            -2             30            0             11.62         23.04 
C22           -6            -1             36            0             2.42          9.48 
C23           -4            -1             30            0             15.04         24.79 
C24           -2            -1             24            0             15.07         23.42 
C25            0            -1             18            0             19.97         25.71 
C26            2            -1             24            0             7.37          14.59 
C27            4            -1             30            0             6.16          9.57 
C28            6            -1             36            0             15.28         22.33 
C29           -7             0             42            0             5.03          12.88 
C30           -5             0             36            0             12.65         16.64 
C31           -3             0             30            0             13.32         21.45 
C32           -1             0             24            0             7.68          14.02 
C33            1             0             24            0             0             4.23 
C34            3             0             30            0             0             5.49 
C35            5             0             36            0             5.5           12.96 
C36            7             0             42            0             17.81         25.99 
C37           -6             1             36            0             10.39         11.81 
C38           -4             1             30            0             11.79         23.17 
C39           -2             1             24            0             7.91          12.17 
C40            0             1             18            0             6.08          7.54 
C41            2             1             24            0             0             5.8 
C42            4             1             30            0             0             10.69 
C43            6             1             36            0             19.59         24.32 
C44           -5             2             30            0             9.5           13.68 
C45           -3             2             24            0             7.9           15.55 
C46           -1             2             18            0             8.61          13.83 
C47            1             2             18            0             3.54          5.7 
C48            3             2             24            0             0             5.93 
C49            5             2             30            0             23.05         24.27 
C50           -4             3             24            0             13.19         19.63 
C51           -2             3             18            0             11.97         16.5 
C52            0             3             12            0             6.2           13.53 
C53            2             3             18            0             0             8.35 
C54            4             3             24            0             0             3.21 
C55           -3             4             18            0             15.21         17.35 
C56           -1             4             12            0             15.9          27.07 
C57            1             4             12            0             0             9.85 
C58            3             4             18            0             0             4.11 
C59           -2             5             12            0             16.07         21.95 
C60            0             5             6             0             16.48         19.97 
C61            2             5             12            0             0             3.24 
C62           -1             6             6             0             16.26         20.57 
C63            1             6             6             0             0             2.19 
C64            0             0             0             0             14.89         26.02 
